000000000000000000000000000000011111111111111111111111111111111111111111111111112222111111111111100000000000000000000000000000000000000000000000000000
000000000000000000000000000000011111111111111111111111111111111111111111111111111221111111111111100000000000000000000000000000000000000000000000000000
000000000000000000000000000000011111111111111111111111111111111111111111111111111111111111111111100000000000000000000000000000000000000000000000000000
000000000000000000000000000000011111111111111111111111111111111111111111111111111111111111111111100000000000000000000000000000000000000000000000000000
000000000000000000000000000000011111111111111111111111111111111111111111111111111111111111111111100000000000000000000000000000000000000000000000000000
000000000000000000000000000000011111111111111111111111111111111111111111111111111111111111111111100000000000000000000000000000000000000000000000000000
000000000000000000000000000000011111111111111111111111111111111111111111111111111111111111111111100000000000000000000000000000000000000000000000000000
000000000000000000000000000000011111111111111111111111111111111111111111111111111111111111111111111111111100000000000000000000000000000000000000000000
000000000000000000000000000000011111111111111111111111111111111111111111111111111111111111111111111111111100000000000000000000000000000000000000000000
000000000000000000000000000000011111111111111111111111111111111111111111111111111111111111111111111111111100000000000000000000000000000000000000000000
000000000000000000000000000000011111111111111111111111111111111111111111111111111111111111111111111111111000000000000000000000000000000000000000000000
000000000000000000000000000000011111111111111111111111111111111111111111111111111111111111111111111111111000000000000000000000000000000000000000000000
000000000000000000000000000000011111111111111111111111111111111111111111111111111111111111111111111111110000000000000000000000000000000000000000000000
000000000000000000000000000000011111111111111111111111111111111111111111111111111111111111111111111111100000000000000000000000000000000000000000000000
000000000000000000000000000000011111111111111111111111111111111111111111111111111111111111111111111111000000000000000000000000000000000000000000000000
000000000000000000000000000000011111111111111111111111111111111111111111111111111111111111111111111000000000000000000000000000000000000000000000000000
000000000000000000000000000000011111111111111111111111111111111111111111111111111111111111111111100000000000000000000000000000000000000000000000000000
000000000000000000000000000000011111111111111111111111111111111111111111111111111111111111111111100000000000000000000000000000000000000000000000000000
000000000000000000000000000000011111111111111111111111111111111111111111111111111111111111111111100000000000000000000000000000000000000000000000000000
000000000000000000000000000000011111111111111111111111111111111111111111111111111111111111111111100000000000000000000000000000000000000000000000000000
000000000000000000000000000000011111111111111111111111111111111111111111111111111111111111111111111000000000000001111110000000000000000000000000000000
000000000000000000000000000000111111111111111111111111111111111111111111111111111111111111111111111000000000000001111110000000000000000000000000000000
000000000000000000000000000000111111111111111111111111111111111111111111100000000000000000000111111000000000000011111110000000000000000000000000000000
000000000000000000000000000000111111111111111111111111111111111111111111100000000000000000000111111000000000001111111110000000000000000000000000000000
000000000000000000000000000000111111111111111111111111111111111111111111100000000000000000000111111000000000011111111110000000000000000000000000000000
000000000000000000000000000000111111111111111111111111111111111111111111100000000000000000000111111111111111111111000000000000000000000000000000000000
000000000000000000000000000000111111111111111111111111111111111111111111100000000000000000000111111111111111111110000000000000000000000000000000000000
000000000000000000000000000000111111111111111111111111111111111111111111100000000000000000000111111111111111111110000000000000000000000000000000000000
000000000000000000000000000000111111111111111111111111111111111111111111100000000000000000000111111111111111111100000000000000000000000000000000000000
000000000000000000000000000000111111111111111111111111111111111111111111100000000000000000000111111111111111111120000000000000000000000000000000000000
000000000000000000000000000000111111111111111111111111111111111111111000000000000000000000000111111111111111111220000000000000000000000000000000000000
000000000000000000000000000000011111111111111111111111111111111111111000000000000000000000000111111111111111111220000000000000000000000000000000000000
000000000000000000000000000000001111111111111111111111111111111111111000000000000000000000000111111111111111111120000000000000000000000000000000000000
000000000000000000000000000000001111111111111111111111111111111111111000000000000000000000000111111111111111111110000000000000000000000000000000000000
000000000000000000000000000000000001111111111111111111111111111111111000000000000000000000000111111111111111111110000000000000000000000000000000000000
000000000000000000000000000000000001111111111111111111111111111111111000000000000000000000000111111111111111111110000000000000000000000000000000000000
000000000000000000000000000000000001111111111111111111111111111111111122211111111111111111111111111111111111111110000000000000000000000000000000000000
000000000000000000000000000000000001111111111111111111111111111111111112111111111111111111111111111111111111111110000000000000000000000000000000000000
000000000000000000000000000000000001111111111111111111111111111111111111111111111111111111111111111111111111111110000000000000000000000000000000000000
000000000000000000000000000000000001111111111111111111111111111111111111111111111111111111111111111111111111111110000000000000000000000000000000000000
000000000000000000000000000000000000000000111111111111111111111111111111111111111111111111111111111111111111111110000000000000000000000000000000000000
000000000000000000000000000000000000000000111111111111111111111111111111111111111111111111111111111111111111111110000000000000000000000000000000000000
000000000000000000000000000000000000000000011111111111111111111111111111111111111111111111111111111111111111111110000000000000000000000000000000000000
000000000000000000000000000000000000000000000001111111111111111111111111111111111111111111111111111111111111111110000000000000000000000000000000000000
000000000000000000000000000000000000000000000000000000001111111111111111111111111111111111111111111111111111111110000000000000000000000000000000000000
000000000000000000000000000000000000000000000000000000001111111111111111111111111111111111111111111111111111111110000000000000000000000000000000000000
000000000000000000000000000000000000000000000000000000001111111111111111111111111111111111111111111111111111111110000000000000000000000000000000000000
000000000000000000000000000000000000000000000000000000001111111111111111111111111111111111111111111111111111111110000000000000000000000000000000000000
000000000000000000000000000000000000000000000000000000001111111111111111111111111111111111111111111111111111111110000000000000000000000000000000000000
000000000000000000000000000000000000000000000000000000001111111111111111111111111111111111111111111111111111111110000000000000000000000000000000000000
000000000000000000000000000000000000000000000000000000111111111111111111111111111111111111111111111111111111111110000000000000000000000000000000000000
000000000000000000000000000000000000000000000000000011111111111111111111111111111111111111111111111111111111111110000000000000000000000000000000000000
000000000000000000000000000000000000000000001111111111111111111111111111111111111111111111111111111111111111111110000000000000000000000000000000000000
000000000000011111111111111111111111111000001111111111111111111111111111111111111111111111111111111111111111111110000000000000000000000000000000000000
000000000000011111111111111111111111111000001111111111111111111111111111111111111111111111111111111111111111111110000000000000000000000000000000000000
000000000000011111111111111111111111111000000000000000000000000000000000000000000000000000000000000000000000111100000000011111111111111100000000000000
000000000000011111111111111111111111111100000000000000000000000000000000000000000000000000000000000000000000111100000000011111111111111100000000000000
000000000000011111111111111111111111111110000000000000000000000000000000000000000000000000000000000000000000111100000001111111111111111100000000000000
000000000000011111111111111111111111111111000000000000000000000000000000000000000000000000000000000000000000111100000011111111111111111100000000000000
000000000000011111111111111111111111111111100000000000000000000000000000000000000000000000000000000000000000111100000011111111111111111100000000000000
000000000000011111111111111111111111111111111111111111111111111111111111111111111111111111111111111111111111111111111111111111111111111100000000000000
000000000000011111111111111111111111111111111111111111111111111111111111111111111111111111111111111111111111111111111111111111111111111100000000000000
000000000000011111111111111111111111111111111111111111111111111111111111111111111111111111111111111111111111111111111111111111000001111100000000000000
000000000000011111111111111111111111111111111111111111111111111111111111111111111111111111111111111111111111111111111111111100000000011100000000000000
000000000000011111111111111111111111111111111111111111111111111111111111111111111111111111111111111111111111111111111111111000000000000000000000000000
000000000000011111111111111111111111111111111111111111111111111111111111111111111111111111111111111111111111111111111111110000000000000000000000000000
000000000000011111111111111111111111111111111111111111111111111111111111111111111111111111111111111111111111111111111111100000000000000000000000000000
000000000000011111111111111111111111111111111111111111111111111111111111111111111111111111111111111111111111111111111111000000000000000000000000000000
000001111111111111110111111111111000111111111111111111111111111111111111111111111111111111111111111111111111111111111110000000000000000000000000000000
000011111111111111000011111111110000011111111111111111111111111111111111111111111111111111111111111111111111111111111100000000000000000000000000000000
001111111111111110000001111111100000001111111111111111111111111111111111111111111111111111111111111111111111111111111000000000000000000000000000000000
001111111111111100000000111111000000000111111111111111111111111111111111111111111111111111111111111111111111111111110000000000000000000000000000000000
001111111111110000000000001100000000000011111111111111111111111111111111111111111111111111111111111111111111111111100000000000000000000000000000000000
111111111111100000000000000000000000000001111111111111111111111111111111111111111111111111111111111111111111111111000000000000000000000000000000000000
111111111111000000000000000000000000000000011111111111111111111111111111111111111111001111111111111111111111111000000000000000000000000000000000000000
111111111110000000000000000000000000000000011110011111111111111111111111111111111110000111100000000112210000000000000000000000000000000000000000000000
111111111000000000000000000000000000000000001110011111111111111111111111111111111110000011100000000222220000000000000000000000000000000000000000000000
111111110000000000000000000000000000000000000100000111111111111111111111111111111100000000000000000000000000000000000000000000000000000000000000000000
111111100000000000000000000000000000000000000000000000111111111111111111111111111000000000000000000000000000000000000000000000000000000000000000000000
111111000000000000000000000000000000000000000000000000011111111111111111111111110000000000000000000000000000000000000000000000000000000000000000000000
111111000000000000000000000000000000000000000000000000001111111111111111111111100000000000000000000000000000000000000000000000000000000000000000000000
111110000000000000000000000000000000000000000000000000000111111111111111111110000000000000000000000000000000000000000000000000000000000000000000000000
111110000000000000000000000000000000000000000000000000000011111111111111111100000000000000000000000000000000000000000000000000000000000000000000000000
111110000000000000000000000000000000000000000000000000000001111111111111111000000000000000000000000000000000000000000000000000000000000000000000000000
111111000000000000000000000000000000000000000000000000000000011111111111110000000000000000000000000000000000000000000000000000000000000000000000000000
111111100000000000000000000000000000000000000000000000000000011111111111110000000000000000000000000000000000000000000000000000000000000000000000000000
111111110000000000000000000000000000000000000000000000000000001111111110000000000000000000000000000000000000000000000000000000000000000000000000000000
111111111000000000000000000000000000000000000000000000000000001111111100000000000000000000000000000000000000000000000000000000000000000000000000000000
111111111100000000000000000000000000000000000000000000000000000011111000000000000000000000000000000000000000000000000000000000000000000000000000000000
011111111110000000000000000000000000000000000000000000000000000000000000000000000000000000000000000000000000000000000000000000000000000000000000000000
001111111111000000000000000000000000000000000000000000000000000011111000000000000000000000000000000000000000000000000000000000000000000000000000000000
000111111111000000000000000000000000000000000000000000000000000011111000000000000000000000000000000000000000000000000000000000000000000000000000000000
000111111111100000000000000000000000000000000000000000000000000011111000000000000000000000000000000000000000000000000000000000000000000000000000000000
000011111111110000000000000000000000000000000000000000000000000111111100000000000000000000000000000000000000000000000000000000000000000000000000000000
000001111111111000000000000000000000000000000000000000000000001111111110000000000000000000000000000000000000000000000000000000000000000000000000000000
000000111111111100000000000000000000000000000000000000000000011111111111000000000000000000000000000000000000000000000000000000000000000000000000000000
000000011111111110000000000000000000000000000000000000000000111111111111100000000000000000000000000000000000000000000000000000000000000000000000000000
000000001111111111000000000000000000000000000000000000000000011111111111000000000000000000000000000000000000000000000000000000000000000000000000000000
000000000111111111100000000000000000000000000000000000000000001111111110000000000000000000000000000000000000000000000000000000000000000000000000000000
000000000001111111110000000000000000000000000000000000000000000111111000000000000000000000000000000000000000000000000000000000000000000000000000000000
000000000000111111110000000000000000000000000000000000000000000111111000000000000000000000000000000000000000000000000000000000000000000000000000000000
000000000000111111110000000000000000000000000000000000000000000111111000000000000000000000000000000000000000000000000000000000000000000000000000000000
000011111111111111110000000000000000000000000000000000000000000111111000000000000000000000000000000000000000000000000000000000000000000000000000000000
000033111111111111110000000000000000000000000000000000000000000111111000000000000000000000000000000000000000000000000000000000000000000000000000000000
000033111111111111110000000000000000000000000000000000000000000111111000000000000000000000000000000000000000000000000000000000000000000000000000000000
000033111111110111110000000000000000000000000000000000000000000111111000000000000000000000000000000000000000000000000000000000000000000000000000000000
000011111000000000000000000000000000000000000000000000000000000111111000000000000000000000000000000000000000000000000000000000000000000000000000000000
000011110000000000000000000000000000000000000000000000000000001111111100000000000000000000000000000000000000000000000000000000000000000000000000000000
000011000000000000000000000000000000000000000000000000000000011111111110000000000000000000000000000000000000000000000000000000000000000000000000000000
000000000000000000000000000000000000000000000000000000000000111111111111000000000000000000000000000000000000000000000000000000000000000000000000000000
000000000000000000000000000000000000000000000000000000000000111111111111100000000000000000000000000000000000000000000000000000000000000000000000000000
000000000000000000000000000000000000000000000000000000000111111111111111111000000000000000000000000000000000000000000000000000000000000000000000000000
000000000000000000000000000000000000000000000000000000001111111111111111110000000000000000000000000000000000000000000000000000000000000000000000000000
000000000000000000000000000000000000000000000000000000011111111111111111100000000000000000000000000000000000000000000000000000000000000000000000000000
000000000000000000000000000000000000000000000000000000011111111111111111100000000000000000000000000000000000000000000000000000000000000000000000000000
000000000000000000000000000000000000000000000000000000011111111111111111000000000000000000000000000000000000000000000000000000000000000000000000000000
000000000000000000000000000000000000000000000000000000011111111111111110000000000000000000000000000000000000000000000000000000000000000000000000000000
000000000000000000000000000000000111111111111111111111111111111111111100000000000000000000000000000000000000000000000000000000000000000000000000000000
000000000000000000000000000000000111111111111111111111111111111111111100000000000000000000000000000000000000000000000000000000000000000000000000000000
000000000000000000000000000000000111111111111111111111111111111111111110000000000000000000000000000000000000000000000000000000000000000000000000000000
000000000000000000000000000000000111111111111111111111111111111111111111000000000000000000000000000000000000000000000000000000000000000000000000000000
000000000000000000000000000000000111111111111111111111111111111111111111000000000000000000000000000000000000000000000000000000000000000000000000000000
000000000000000000000000000000000111111111111111111111111111111111111111000000000000000000000000000000000000000000000000000000000000000000000000000000
000000000000000000000000000000000111111111111111111111111111111111111111000000000000000000000000000000000000000000000000000000000000000000000000000000
000000000000000000000000000000000111111111111111111111111111111111111011100000000000000000000000000000000000000000000000000000000000000000000000000000
0000000000000000000000000000000001111111111111111111111111111111111100011100000000000000000000000000000000000000000000000000000000000000000000000000000
000000000000000000000000000000000111111111111111111111111111111111110000111000000000000000000000000000000000000000000000000000000000000000000000000000
0000000000000000000000000000000001111111111111111111111111111111111000000111100000000000000000000000000000000000000000000000000000000000000000000000000
000000000000000000000000000000000111111111111111111111111111111111000000000000000000000000000000000000000000000000000000000000000000000000000000000000
000000000000000000000000000000000111111111111111111111111111111110000000000000000000000000000000000000000000000000000000000000000000000000000000000000
000000000000000000000000000000000111111111111111111111111111111110000000000000000000000000000000000000000000000000000000000000000000000000000000000000
000000000000000000000000000000000111111111111111111111111111111100000000000000000000000000000000000000000000000000000000000000000000000000000000000000
000000000000000000000000000000000111111111111111111111111111111000000000000000000000000000000000000000000000000000000000000000000000000000000000000000
000000000000000000000000000000000111111111111111111111111111111000000000000000000000000000000000000000000000000000000000000000000000000000000000000000
000000000000000000000000000000000111111111111111111111111111111000000000000000000000000000000000000000000000000000000000000000000000000000000000000000
000000000000000000000000000000000111111111111111111111111111111000000000000000000000000000000000000000000000000000000000000000000000000000000000000000
000000000000000000000000000000000111111111111111111111111111111000000000000000000000000000000000000000000000000000000000000000000000000000000000000000
000000000000000000000000000000001111111111111111111111111111111000000000000000000000000000000000000000000000000000000000000000000000000000000000000000
000000000000000000000000000000111111111111111111111111111111111100000000000000000000000000000000000000000000000000000000000000000000000000000000000000
000000000000000000000000000001111111111111111111111111111111111111000000000000000000000000000000000000000000000000000000000000000000000000000000000000
000000000000000000000000000001111111111111111111111111111111111111000000000000000000000000000000000000000000000000000000000000000000000000000000000000
000000000000000000000000000001111111111111111111111111111000000000000000000000000000000000000000000000000000000000000000000000000000000000000000000000
000000000000000000000000000001111111111111111111111111111000000000000000000000000000000000000000000000000000000000000000000000000000000000000000000000
000000000000000000000000000001111111111111111111111111111000000000000000000000000000000000000000000000000000000000000000000000000000000000000000000000
000000000000000000000000000001111111111111111111111111111000000000000000000000000000000000000000000000000000000000000000000000000000000000000000000000
000000000000000000000000000011111111111111111111111111111000000000000000000000000000000000000000000000000000000000000000000000000000000000000000000000
000000000000000000000000000011111111111111111111111111111000000000000000000000000000000000000000000000000000000000000000000000000000000000000000000000
000000000000000000000000000011111111111111111111111111111000000000000000000000000000000000000000000000000000000000000000000000000000000000000000000000
000000000000000000000000000011111111111111111111111111111000000000000000000000000000000000000000000000000000000000000000000000000000000000000000000000
000000000000000000000000000011111111111111111111111111111000000000000000000000000000000000000000000000000000000000000000000000000000000000000000000000
000000000000000000000000000011111111111111111111111111111000000000000000000000000000000000000000000000000000000000000000000000000000000000000000000000
000000000000000000000000000011111111111111111111111111111000000000000000000000000000000000000000000000000000000000000000000000000000000000000000000000
000000000000000000000000000011111111111111111111111111111000000000000000000000000000000000000000000000000000000000000000000000000000000000000000000000
000000000000000000000000000011111111111111111111111111111000000000000000000000000000000000000000000000000000000000000000000000000000000000000000000000
000000000011111111111111111111111111111111111111111111111000000000000000000000000000000000000000000000000000000000000000000000000000000000000000000000
000000000011111111111111111111111111111111111111110000000000000000000000000000000000000000000000000000000000000000000000000000000000000000000000000000
000000000011111111111111111111111111111111111111110000000000000000000000000000000000000000000000000000000000000000000000000000000000000000000000000000
000000000011111111111111111111111111111111111111110000000000000000000000000000000000000000000000000000000000000000000000000000000000000000000000000000
000000000011111111111111111111111111111111111111110000000000000000000000000000000000000000000000000000000000000000000000000000000000000000000000000000
000000000011111111111111111111111111111111111111110000000000000000000000000000000000000000000000000000000000000000000000000000000000000000000000000000
000000000011111111111111111111111111111111111111110000000000000000000000000000000000000000000000000000000000000000000000000000000000000000000000000000
000000000000011111111111111111111111111111111111110000000000000000000000000000000000000000000000000000000000000000000000000000000000000000000000000000
000000000000000000011111111111111111111111111111110000000000000000000000000000000000000000000000000000000000000000000000000000000000000000000000000000
000000000000000000011111111111111111111111111111110000000000000000000000000000000000000000000000000000000000000000000000000000000000000000000000000000
000000000000000000000000111111111111111111111111110000000000000000000000000000000000000000000000000000000000000000000000000000000000000000000000000000
000000000000000000000000000011111111111111111111110000000000000000000000000000000000000000000000000000000000000000000000000000000000000000000000000000
000000000000000000000000000011111111111111111111110000000000000000000000000000000000000000000000000000000000000000000000000000000000000000000000000000
000000000000000000000000000011111111111111111111110000000000000000000000000000000000000000000000000000000000000000000000000000000000000000000000000000
000000000000000000000000000011111111111111111111110000000000000000000000000000000000000000000000000000000000000000000000000000000000000000000000000000
000000000000000000000000000011111111111111111111110000000000000000000000000000000000000000000000000000000000000000000000000000000000000000000000000000
000000000000000000000000000111111111111111111111110000000000000000000000000000000000000000000000000000000000000000000000000000000000000000000000000000
000000000000000000000000011111111111111111111111110000000000000000000000000000000000000000000000000000000000000000000000000000000000000000000000000000
000000000000000000000001111111111111000000011111110000000000000000000000000000000000000000000000000000000000000000000000000000000000000000000000000000
000000000000000000000111111111111110000000001111110000000000000000000000000000000000000000000000000000000000000000000000000000000000000000000000000000
111111111111111111111111111111111000000000000011110000000000000000000000000000000000000000000000000000000000000000000000000000000000000000000000000000
111111111111111111111111111111100000000000000011110000000000000000000000000000000000000000000000000000000000000000000000000000000000000000000000000000
111111111111111111111111111000000000000000000011110000000000000000000000000000000000000000000000000000000000000000000000000000000000000000000000000000
111111111111111111111111111000000000000000000011110000000000000000000000000000000000000000000000000000000000000000000000000000000000000000000000000000
111111111111111111111111111000000000000000000011110000000000000000000000000000000000000000000000000000000000000000000000000000000000000000000000000000
111111111111111111111111111000000000000000000011110000000000000000000000000000000000000000000000000000000000000000000000000000000000000000000000000000
111111111111111111111111111000000000000000000011110000000000000000000000000000000000000000000000000000000000000000000000000000000000000000000000000000
111111111111111111111111111000000000000000000011110000000000000000000000000000000000000000000000000000000000000000000000000000000000000000000000000000
111111111111111111111111111100000000000000000011110000000000000000000000000000000000000000000000000000000000000000000000000000000000000000000000000000
111111111111111111111111111110000000000000000011110000000000000000000000000000000000000000000000000000000000000000000000000000000000000000000000000000
111111111111111111111111111111000000000000000011110000000000000000000000000000000000000000000000000000000000000000000000000000000000000000000000000000
111111111111111111111111111111100000000000000111110000000000000000000000000000000000000000000000000000000000000000000000000000000000000000000000000000
111111111111111111111111111111110000000000001111110000000000000000000000000000000000000000000000000000000000000000000000000000000000000000000000000000
001111111111111111111111111111111000000000011111110000000000000000000000000000000000000000000000000000000000000000000000000000000000000000000000000000
000001111111111111111111111111111100000000111111110000000000000000000000000000000000000000000000000000000000000000000000000000000000000000000000000000
000000111111111111111111111111111111111111111111110000000000000000000000000000000000000000000000000000000000000000000000000000000000000000000000000000
000000111111111111111111111111111111111111111110000000000000000000000000000000000000000000000000000000000000000000000000000000000000000000000000000000
000011111111111111111110001111111000000000111000000000000000000000000000000000000000000000000000000000000000000000000000000000000000000000000000000000
001111111111111111110000000111110000000000110000000000000000000000000000000000000000000000000000000000000000000000000000000000000000000000000000000000
011111111111111111100000000000000000000000110000000000000000000000000000000000000000000000000000000000000000000000000000000000000000000000000000000000
111111111111111111100000000000000000000000000000000000000000000000000000000000000000000000000000000000000000000000000000000000000000000000000000000000
111111111111111111100000000000000000000000000000000000000000000000000000000000000000000000000000000000000000000000000000000000000000000000000000000000
111111111111111111100000000000000000000000000000000000000000000000000000000000000000000000000000000000000000000000000000000000000000000000000000000000
111111111111111111110000000000000000000000000000000000000000000000000000000000000000000000000000000000000000000000000000000000000000000000000000000000
111111111111111111111000000000000000000000000000000000000000000000000000000000000000000000000000000000000000000000000000000000000000000000000000000000
111111111111111111111000000000000000000000000000000000000000000000000000000000000000000000000000000000000000000000000000000000000000000000000000000000
000000000111111111111000000000000000000000000000000000000000000000000000000000000000000000000000000000000000000000000000000000000000000000000000000000
000000000111111111111000000000000000000000000000000000000000000000000000000000000000000000000000000000000000000000000000000000000000000000000000000000
000000000111111111111110000000000000000000000000000000000000000000000000000000000000000000000000000000000000000000000000000000000000000000000000000000
000000000111111111111111000000000000000000000000000000000000000000000000000000000000000000000000000000000000000000000000000000000000000000000000000000
000000000111111111111111110000000000000000000000000000000000000000000000000000000000000000000000000000000000000000000000000000000000000000000000000000
000000000111111111111111110000000000000000000000000000000000000000000000000000000000000000000000000000000000000000000000000000000000000000000000000000
000000000000000000000000000000000000000000000000000000000000000000000000000000000000000000000000000000000000000000000000000000000000000000000000000000
